% LIQUIDITY FACTORS OF PASTOR AND STAMBAUGH (JPE 2003) UPDATED THROUGH DEC 2024
% Column 1: Month
% Column 2: Levels of aggregated liquidity (Figure 1 in the paper)
% Column 3: Innovations in aggregated liquidity (non-traded liquidity factor; equation(8); the main series)
% Column 4: Traded liquidity factor (LIQ_V, 10-1 portfolio return)
% Note: The traded factor is the value-weighted return on the 10-1 portfolio from a sort on historical
% liquidity betas. This procedure is simpler than sorting on predicted betas (as in the original study)
% and through 2024 it is similarly successful at creating a spread in post-ranking betas. The traded
% factor has a positive and significant alpha through 2024, consistent with liquidity risk being priced.
%
% Month	Agg Liq.	Innov Liq (eq8)	Traded Liq (LIQ_V)
196208	 -0.01753665	  0.00426023	-99
196209	 -0.00407476	  0.01176268	-99
196210	 -0.10421182	 -0.07404113	-99
196211	 -0.01974170	  0.02818329	-99
196212	 -0.00508932	  0.01292886	-99
196301	 -0.05579688	  0.01002189	-99
196302	  0.01440415	  0.02532690	-99
196303	 -0.02345353	 -0.02002673	-99
196304	  0.05413256	  0.07849578	-99
196305	  0.00354149	 -0.01262616	-99
196306	  0.00959259	  0.00057902	-99
196307	  0.01432622	  0.02091747	-99
196308	  0.03377117	  0.03914555	-99
196309	 -0.00754051	  0.02063806	-99
196310	  0.02680674	  0.03278371	-99
196311	 -0.05313628	 -0.05957774	-99
196312	 -0.02057456	  0.01376897	-99
196401	 -0.07136865	 -0.05528655	-99
196402	 -0.02474947	  0.01288938	-99
196403	  0.03138953	  0.04159829	-99
196404	 -0.04066632	 -0.02717302	-99
196405	 -0.02572531	 -0.00608962	-99
196406	 -0.05656731	 -0.01063444	-99
196407	  0.05819052	  0.05591597	-99
196408	 -0.04851473	 -0.04386348	-99
196409	 -0.00816173	  0.01317293	-99
196410	  0.01293438	  0.03821599	-99
196411	  0.01488576	 -0.00393330	-99
196412	 -0.02673007	 -0.01285908	-99
196501	  0.03792484	  0.07040510	-99
196502	 -0.01642848	  0.02201502	-99
196503	  0.03397015	  0.01755691	-99
196504	  0.02236123	  0.04136978	-99
196505	 -0.01294328	  0.03440933	-99
196506	 -0.16340986	 -0.11283002	-99
196507	 -0.08097770	 -0.05039490	-99
196508	 -0.03474854	  0.07106145	-99
196509	  0.02700284	  0.06091989	-99
196510	  0.00619570	 -0.02504689	-99
196511	  0.04447103	  0.06742046	-99
196512	  0.04087982	  0.02434336	-99
196601	  0.03997342	  0.02304761	-99
196602	  0.03502076	  0.04643078	-99
196603	 -0.06624631	 -0.06472742	-99
196604	  0.02544957	  0.05488150	-99
196605	 -0.12120717	 -0.07857662	-99
196606	 -0.05336572	 -0.01303136	-99
196607	 -0.03300131	  0.00662831	-99
196608	 -0.10666850	 -0.08658548	-99
196609	 -0.08782498	 -0.04568373	-99
196610	 -0.20654128	 -0.08556448	-99
196611	 -0.05410496	  0.04642038	-99
196612	 -0.02167905	  0.04313946	-99
196701	 -0.02740850	  0.01202312	-99
196702	 -0.07258040	  0.01435574	-99
196703	 -0.00863176	  0.03406065	-99
196704	 -0.00152597	  0.01885063	-99
196705	  0.01392227	  0.02434162	-99
196706	 -0.06198466	 -0.04824477	-99
196707	 -0.02837509	  0.01395023	-99
196708	  0.02907304	  0.06916785	-99
196709	  0.02354394	  0.03029911	-99
196710	 -0.03053991	 -0.04112430	-99
196711	 -0.03066846	 -0.01118694	-99
196712	  0.00159134	  0.03360126	-99
196801	 -0.02152331	  0.00226907	 -0.02540564	
196802	 -0.03459893	 -0.01896620	  0.02213928	
196803	 -0.11694312	 -0.08230390	  0.00838539	
196804	  0.02245332	  0.08693221	  0.00504472	
196805	 -0.02061391	  0.00921815	 -0.01514423	
196806	  0.00822169	  0.03297913	 -0.00026051	
196807	 -0.01049623	  0.00824515	 -0.03551518	
196808	 -0.02019994	 -0.00827433	  0.00505116	
196809	 -0.00870728	  0.01451321	  0.01300449	
196810	  0.00660634	  0.02640767	 -0.00071775	
196811	 -0.00022576	  0.01591315	 -0.00615564	
196812	 -0.02857454	 -0.01036696	  0.01175393	
196901	 -0.03378834	 -0.00748247	  0.02260170	
196902	 -0.02503033	  0.01092682	  0.05643482	
196903	 -0.02256855	  0.00643938	 -0.01703415	
196904	 -0.01274491	  0.00899949	  0.01674071	
196905	  0.01158629	  0.04598710	  0.00647644	
196906	 -0.04735751	 -0.03884558	  0.05729539	
196907	 -0.12262451	 -0.09153173	  0.03244715	
196908	 -0.08789095	 -0.04680034	 -0.01348752	
196909	  0.01326256	  0.08866219	  0.02041740	
196910	 -0.06038219	 -0.02634001	 -0.05642570	
196911	  0.01656733	  0.04022282	  0.03169597	
196912	 -0.01985261	 -0.02538166	  0.02600825	
197001	 -0.11018564	 -0.06721317	  0.02194959	
197002	 -0.08139629	 -0.01105383	 -0.05988703	
197003	 -0.13845301	 -0.06569773	  0.00277473	
197004	 -0.09427155	 -0.03121271	  0.03971232	
197005	 -0.24058807	 -0.19850219	 -0.07777586	
197006	 -0.18762334	 -0.14012202	 -0.03616947	
197007	 -0.01379573	  0.06115579	 -0.00137115	
197008	 -0.06668893	  0.00597353	  0.00208282	
197009	 -0.06687556	 -0.01490375	 -0.01567859	
197010	  0.09627156	  0.09554011	 -0.01643634	
197011	 -0.05985976	 -0.04557048	 -0.00559368	
197012	 -0.07305842	 -0.01499659	  0.04992480	
197101	  0.01775836	  0.04184824	 -0.04014598	
197102	 -0.06448822	 -0.03745071	 -0.01763190	
197103	  0.03170128	  0.06213740	  0.01863740	
197104	 -0.00998386	  0.00642291	  0.02572797	
197105	 -0.01940864	 -0.02603297	  0.00384779	
197106	 -0.04414564	 -0.01221918	 -0.04189905	
197107	 -0.10142122	 -0.03342907	 -0.00583513	
197108	 -0.04506715	 -0.00866329	  0.02469990	
197109	  0.01980991	  0.05981069	  0.00327777	
197110	 -0.05637401	 -0.01283722	  0.03220380	
197111	 -0.09198767	 -0.03783683	  0.00706075	
197112	  0.00850009	  0.04590703	 -0.00224165	
197201	 -0.09412266	 -0.08221294	 -0.03669286	
197202	 -0.03060037	  0.01672967	  0.00969740	
197203	 -0.01137246	  0.02356735	  0.03382246	
197204	 -0.00295654	  0.01787120	  0.01401382	
197205	 -0.06445359	 -0.04308590	 -0.00251954	
197206	  0.00610800	  0.00296133	  0.01461396	
197207	 -0.08959187	 -0.06722043	  0.01614596	
197208	  0.01435214	  0.02164517	 -0.02701586	
197209	 -0.01895737	  0.02581603	 -0.01634573	
197210	 -0.03986215	 -0.02358766	 -0.01902972	
197211	 -0.01686769	 -0.03260457	 -0.00816412	
197212	 -0.07355568	 -0.03554214	  0.00900269	
197301	 -0.05781599	 -0.02820455	 -0.01481267	
197302	 -0.04853245	  0.02630100	 -0.01084836	
197303	 -0.03054217	 -0.01488124	 -0.01272228	
197304	 -0.04049684	 -0.01070251	  0.02311953	
197305	 -0.11534552	 -0.06506020	 -0.00270427	
197306	 -0.20033228	 -0.16647058	 -0.03230874	
197307	 -0.09612580	 -0.01153942	  0.00247033	
197308	 -0.09691967	 -0.03042835	  0.01591954	
197309	 -0.12374937	 -0.00564131	  0.01708394	
197310	 -0.05408999	  0.02085353	 -0.04304216	
197311	 -0.30250782	 -0.24156106	 -0.02651634	
197312	 -0.13258622	 -0.08344387	 -0.01679927	
197401	 -0.16222445	 -0.07149124	  0.10075292	
197402	 -0.12089040	 -0.05790456	  0.03963822	
197403	 -0.00128549	  0.11089526	  0.04361550	
197404	 -0.04192013	 -0.00072117	  0.02164613	
197405	 -0.10176297	 -0.08421020	  0.06053269	
197406	 -0.06936981	 -0.06594843	 -0.00694888	
197407	 -0.23115418	 -0.13736679	 -0.00457639	
197408	 -0.10185550	 -0.06654655	 -0.03129645	
197409	 -0.11031084	 -0.06970786	  0.02280320	
197410	 -0.08565761	  0.00465385	 -0.07279490	
197411	 -0.08357263	  0.03110987	 -0.02532073	
197412	 -0.10467866	 -0.04497651	  0.01928950	
197501	 -0.11363560	 -0.07844398	  0.10876389	
197502	 -0.07571965	  0.01609043	  0.03662677	
197503	 -0.13072534	  0.00295996	  0.05969079	
197504	  0.00011554	  0.03155779	  0.00217849	
197505	 -0.06664547	 -0.01303102	 -0.03349678	
197506	  0.02342901	  0.02342727	 -0.01748245	
197507	 -0.05962827	 -0.02751367	 -0.00961332	
197508	 -0.12755964	 -0.12166774	 -0.00855122	
197509	 -0.08967729	 -0.05422732	 -0.01921566	
197510	 -0.06496285	  0.02306561	  0.09069118	
197511	  0.00741821	  0.02542058	  0.03623193	
197512	 -0.02442816	 -0.02100803	 -0.00279676	
197601	 -0.06026916	 -0.03412463	  0.01930918	
197602	 -0.01850114	  0.05028727	 -0.04225125	
197603	 -0.01869402	  0.00694709	 -0.01797504	
197604	 -0.02836403	 -0.04814204	 -0.01965143	
197605	 -0.09013978	 -0.08660313	 -0.04059278	
197606	 -0.06495230	 -0.02409620	 -0.00572528	
197607	 -0.09137023	 -0.05562150	 -0.02705599	
197608	 -0.01515904	  0.03024283	  0.01794591	
197609	 -0.03775239	  0.01619673	 -0.01542257	
197610	 -0.08540734	 -0.04521880	  0.00385740	
197611	 -0.08199193	 -0.02265579	 -0.02387473	
197612	 -0.02567946	  0.05325346	 -0.01240966	
197701	 -0.06248706	 -0.04682477	 -0.03064272	
197702	 -0.00039705	  0.03578337	 -0.00984019	
197703	 -0.05633423	  0.03102752	  0.01079852	
197704	 -0.01072185	 -0.01111358	 -0.02492795	
197705	 -0.03332456	 -0.01419491	  0.01811865	
197706	 -0.00864341	  0.01654422	  0.02199312	
197707	 -0.04816932	 -0.01416105	  0.00119646	
197708	 -0.04412220	  0.00467162	  0.03132657	
197709	 -0.04748178	 -0.02304756	  0.01051654	
197710	 -0.03260695	 -0.00250096	 -0.01108198	
197711	 -0.01279571	  0.02758407	  0.00253713	
197712	  0.02084873	  0.03467886	 -0.00612393	
197801	 -0.04222258	 -0.00585639	  0.00672525	
197802	 -0.01929822	  0.01280314	  0.00010469	
197803	 -0.01049430	  0.00249302	  0.01720571	
197804	 -0.00780383	  0.01909496	  0.03084663	
197805	  0.01785201	  0.02147363	  0.01378779	
197806	  0.01073519	  0.01409392	  0.01089029	
197807	 -0.04349239	 -0.03510279	  0.03138675	
197808	  0.02096417	  0.03699058	 -0.00088631	
197809	 -0.00570674	 -0.01185991	 -0.02730711	
197810	 -0.10828928	 -0.10098324	  0.04280582	
197811	 -0.07491575	 -0.03176828	 -0.03162120	
197812	 -0.03422058	  0.03449349	  0.00199465	
197901	 -0.01441439	  0.02320950	 -0.01029938	
197902	 -0.03296427	  0.00704968	 -0.02811765	
197903	 -0.04381288	  0.02112648	 -0.00695441	
197904	  0.00478602	  0.05400849	  0.01849867	
197905	 -0.08102735	 -0.04708153	 -0.02188811	
197906	 -0.01188102	  0.02307733	 -0.01669465	
197907	  0.02263794	  0.06012205	 -0.01719865	
197908	  0.01305124	  0.03639251	  0.01475767	
197909	 -0.07426784	 -0.06292249	 -0.00978073	
197910	 -0.15447257	 -0.10368090	 -0.00030052	
197911	 -0.03883258	  0.00575112	 -0.06750272	
197912	 -0.00920058	  0.02323926	 -0.01807817	
198001	 -0.05958447	 -0.01960818	  0.00013109	
198002	 -0.09784091	 -0.04307061	  0.02114945	
198003	 -0.14193797	 -0.08808965	  0.02794556	
198004	 -0.05117316	 -0.03193408	 -0.01240179	
198005	  0.03284126	  0.07753963	 -0.00782060	
198006	 -0.01566887	  0.00214179	  0.01010759	
198007	 -0.03519602	 -0.01609606	 -0.00569326	
198008	  0.00723605	  0.05259130	  0.01373905	
198009	 -0.04758752	 -0.01777373	  0.00919783	
198010	 -0.01239088	  0.03524534	  0.02758604	
198011	 -0.02423485	  0.00230106	  0.03062221	
198012	 -0.05639616	 -0.01327812	  0.02748807	
198101	 -0.02295500	  0.00321802	  0.03893398	
198102	 -0.00758953	  0.00029747	  0.00211983	
198103	 -0.02136465	  0.01382375	  0.01393817	
198104	 -0.02810852	  0.01003109	 -0.01912218	
198105	  0.00737341	  0.02842332	 -0.02798762	
198106	  0.00168118	  0.03077306	  0.06094841	
198107	 -0.01763500	  0.01120843	 -0.01241394	
198108	 -0.07670137	 -0.04361224	 -0.00142182	
198109	 -0.15284444	 -0.12082578	  0.09223195	
198110	 -0.04551135	 -0.00340834	 -0.02465792	
198111	 -0.03161579	 -0.01497255	  0.06060739	
198112	 -0.02358720	  0.02670630	  0.00907384	
198201	 -0.06997584	 -0.05917557	 -0.01978417	
198202	 -0.12230555	 -0.08165149	 -0.01144574	
198203	 -0.03094867	  0.00797149	  0.04354018	
198204	  0.00482292	  0.04264296	 -0.02399156	
198205	 -0.00252187	 -0.00806918	  0.02935751	
198206	 -0.01252549	  0.02117691	  0.04970968	
198207	  0.01259311	  0.01762775	 -0.01586295	
198208	 -0.05756179	 -0.03605231	 -0.00509109	
198209	 -0.02623568	  0.02458550	  0.04186289	
198210	 -0.04193409	 -0.00722408	 -0.03783243	
198211	 -0.00449950	  0.02779165	  0.01049033	
198212	  0.00074378	  0.02914305	 -0.03135686	
198301	 -0.02964785	  0.00200507	 -0.05475749	
198302	  0.00812041	  0.03925349	 -0.03120860	
198303	 -0.04766193	 -0.02646682	  0.04017853	
198304	 -0.00471343	  0.02538959	  0.03559141	
198305	 -0.07871142	 -0.04695990	  0.01816680	
198306	 -0.00339973	  0.04782151	  0.00092081	
198307	 -0.04793408	 -0.02565660	  0.04384996	
198308	 -0.04234025	 -0.00998390	  0.04344734	
198309	 -0.02372007	  0.02538473	  0.01391928	
198310	  0.03439859	  0.05987032	  0.05772609	
198311	  0.01370172	  0.05045445	 -0.07196858	
198312	 -0.03358922	  0.01485155	  0.05002490	
198401	 -0.02518414	 -0.00580975	  0.06525340	
198402	 -0.04222727	 -0.02769163	  0.00521760	
198403	 -0.00982163	  0.03036172	  0.00941229	
198404	 -0.08444471	 -0.04802588	  0.00409888	
198405	  0.00682982	  0.04539202	  0.02360299	
198406	 -0.01601648	  0.02393316	 -0.00288699	
198407	 -0.02663180	  0.01176426	  0.02081929	
198408	  0.00187372	  0.03255834	 -0.03492146	
198409	 -0.01898864	  0.01090030	  0.02426426	
198410	 -0.02988708	 -0.01094633	 -0.00664306	
198411	 -0.00231840	  0.00632347	  0.01563082	
198412	 -0.03602564	 -0.00293500	 -0.00023396	
198501	 -0.00841324	  0.01675097	 -0.01660344	
198502	 -0.01040315	  0.00595844	  0.02277367	
198503	  0.00593392	  0.00411442	  0.03882319	
198504	  0.01006849	  0.03082114	  0.03804409	
198505	  0.00000677	  0.02332418	 -0.00808688	
198506	 -0.00496640	 -0.00175029	  0.00855668	
198507	 -0.02202200	  0.02405947	 -0.01828073	
198508	  0.02641898	  0.03254002	  0.02600935	
198509	 -0.01917228	 -0.00789879	  0.01085101	
198510	 -0.01874444	 -0.01377034	  0.05068405	
198511	 -0.00196966	  0.02734279	  0.00714591	
198512	 -0.01579079	  0.02392897	 -0.01941905	
198601	 -0.06592515	 -0.03694624	  0.01882153	
198602	 -0.00938448	  0.01963639	  0.00280428	
198603	  0.00792626	  0.04381430	  0.03946652	
198604	  0.02937072	  0.02427098	 -0.00513904	
198605	  0.00463582	  0.02041812	  0.02732007	
198606	 -0.06956802	 -0.06325258	  0.05863968	
198607	 -0.00237977	  0.01916146	 -0.01490146	
198608	 -0.02734166	  0.01202543	 -0.02610917	
198609	 -0.00466824	 -0.02434208	  0.04365573	
198610	  0.03939260	  0.06363569	  0.01596314	
198611	  0.01677837	  0.02292907	 -0.03037115	
198612	  0.01118096	  0.03407550	 -0.01180831	
198701	 -0.02911501	 -0.00890745	 -0.07334350	
198702	  0.00529227	  0.02572475	 -0.04018167	
198703	 -0.02361702	  0.01707281	 -0.01323575	
198704	 -0.12662749	 -0.10931502	 -0.03988962	
198705	  0.00544621	  0.03038605	  0.01258425	
198706	  0.00750473	  0.05584150	  0.02582911	
198707	  0.01877447	 -0.02512271	  0.00803324	
198708	 -0.00003515	  0.01452310	 -0.05904169	
198709	 -0.04182038	 -0.05444055	  0.00162348	
198710	 -0.46169773	 -0.39179126	  0.05431057	
198711	 -0.02515845	 -0.07692125	 -0.01692999	
198712	 -0.10552480	 -0.03155346	  0.00835925	
198801	 -0.11083843	 -0.07697417	  0.04415469	
198802	 -0.03348581	  0.06027895	  0.00330430	
198803	 -0.03029858	  0.02426861	 -0.01998427	
198804	  0.00880543	  0.02854311	 -0.02541647	
198805	 -0.06855347	 -0.00107278	 -0.00520483	
198806	  0.00688993	  0.01856341	 -0.00962875	
198807	  0.01712411	  0.03261986	 -0.00893175	
198808	 -0.02484266	  0.02774012	  0.03565788	
198809	 -0.02317842	  0.00116078	  0.01488299	
198810	 -0.04267395	  0.00318721	  0.02375891	
198811	 -0.06681857	 -0.00974906	 -0.00070705	
198812	 -0.02431808	  0.00104289	 -0.04442614	
198901	  0.01842500	  0.07418553	 -0.00066201	
198902	 -0.00261030	  0.01242629	 -0.00370499	
198903	  0.00049190	  0.00804540	 -0.01005239	
198904	 -0.02148396	 -0.00267520	 -0.01942944	
198905	  0.04337706	  0.04857621	 -0.03793897	
198906	 -0.00150094	  0.00182166	  0.07322710	
198907	  0.01777991	  0.02630891	  0.03174884	
198908	 -0.08467239	 -0.05271878	  0.00711113	
198909	  0.02786316	  0.01548559	 -0.04838182	
198910	 -0.15749531	 -0.11270080	  0.02414736	
198911	 -0.00979964	  0.01525683	 -0.02475016	
198912	 -0.02131812	  0.00704117	  0.01943802	
199001	 -0.02371547	 -0.00543028	 -0.03403647	
199002	 -0.00493618	  0.02573552	 -0.02993156	
199003	 -0.02227970	  0.03524336	 -0.02618451	
199004	  0.00903327	  0.00796912	  0.05838816	
199005	  0.01200611	  0.01195315	 -0.00653357	
199006	  0.00178264	 -0.00253497	  0.02597323	
199007	 -0.02635311	 -0.01488348	  0.05079944	
199008	  0.02512102	  0.00413895	  0.04516347	
199009	 -0.01568082	  0.05895422	  0.01963880	
199010	  0.05201194	  0.04852411	 -0.01307316	
199011	  0.02180100	  0.00899152	 -0.01186456	
199012	 -0.05574597	 -0.02781616	 -0.03435371	
199101	  0.03895971	  0.02254787	 -0.09480416	
199102	 -0.02117548	 -0.03702784	 -0.01976099	
199103	 -0.02611774	 -0.02367953	 -0.00719494	
199104	  0.00646525	  0.04414870	  0.01658207	
199105	 -0.00602298	  0.00017082	 -0.01043347	
199106	  0.04170756	  0.05048827	  0.02998807	
199107	 -0.00135326	  0.00422094	  0.01557791	
199108	 -0.01695233	 -0.01958249	 -0.01699254	
199109	 -0.01442521	  0.01706887	  0.01170763	
199110	 -0.02169450	  0.02010203	  0.02183811	
199111	  0.02615505	 -0.00294469	  0.04312706	
199112	 -0.05322488	 -0.07172515	 -0.04932854	
199201	 -0.06539798	 -0.04118818	 -0.07748136	
199202	 -0.03882487	  0.01102907	 -0.04885885	
199203	 -0.03465568	  0.02068554	 -0.00085337	
199204	  0.03518324	  0.04494446	 -0.00461487	
199205	  0.00132677	  0.05165945	 -0.00157019	
199206	  0.06758642	  0.00871503	  0.01939018	
199207	 -0.05001814	 -0.04883316	  0.02428208	
199208	 -0.00621343	 -0.00088722	  0.04932559	
199209	  0.01457686	  0.03294983	 -0.02176638	
199210	 -0.05938540	 -0.05315446	 -0.01951491	
199211	  0.00064767	  0.03239460	 -0.05071980	
199212	  0.00997473	  0.02311990	 -0.03053146	
199301	  0.01066849	  0.04173489	 -0.00898190	
199302	 -0.03033735	 -0.00947454	  0.06623622	
199303	 -0.03524115	 -0.00649682	 -0.03846259	
199304	  0.00905305	  0.03744065	 -0.01728532	
199305	 -0.01625729	  0.00959018	  0.04146819	
199306	 -0.01856489	  0.01002424	 -0.03527159	
199307	 -0.01795921	  0.00903138	 -0.01283928	
199308	  0.04142461	  0.02550530	  0.01799178	
199309	  0.02295099	  0.03824104	 -0.07830297	
199310	  0.00044278	  0.01583790	  0.04276914	
199311	  0.00701516	  0.02202161	  0.04920888	
199312	  0.04816587	  0.03049098	  0.01650241	
199401	  0.03945276	  0.07196433	 -0.00248060	
199402	 -0.05118445	 -0.03845667	  0.00783604	
199403	 -0.01754396	 -0.01014112	  0.02580671	
199404	 -0.07560252	 -0.05258248	  0.00559831	
199405	 -0.04147084	 -0.00201787	  0.03150225	
199406	 -0.07876295	 -0.03729523	 -0.00198332	
199407	  0.01170539	  0.06146645	 -0.00750660	
199408	 -0.01712680	  0.03450993	  0.00548321	
199409	  0.02057847	  0.01605439	  0.03119027	
199410	  0.02948730	  0.03298239	  0.00973093	
199411	 -0.01550632	 -0.04525139	 -0.02160148	
199412	 -0.03463670	 -0.01115863	  0.01930035	
199501	  0.02206376	  0.06067762	 -0.03140997	
199502	  0.02359710	  0.02428127	 -0.02663006	
199503	  0.00997819	 -0.01137349	  0.00982348	
199504	  0.03159925	  0.05191666	  0.00352130	
199505	  0.00549143	  0.01082547	 -0.01164138	
199506	 -0.02606348	 -0.03546951	 -0.00567392	
199507	 -0.00492064	  0.01130691	  0.03964738	
199508	 -0.00307188	  0.01973367	 -0.02143166	
199509	 -0.02972287	 -0.02577246	 -0.07656433	
199510	 -0.00932857	  0.00541061	  0.03771907	
199511	  0.03077631	  0.05764781	  0.00909125	
199512	 -0.06585245	 -0.02968080	 -0.01612119	
199601	 -0.02406434	 -0.00909366	  0.02844004	
199602	  0.02437573	  0.07068240	  0.00972366	
199603	 -0.05199297	 -0.04528190	 -0.01150870	
199604	 -0.02575227	  0.01783443	 -0.03253059	
199605	  0.01231148	  0.02253959	 -0.01003411	
199606	 -0.01043212	 -0.01041088	 -0.04781987	
199607	 -0.03805748	 -0.01424983	 -0.03935225	
199608	  0.06257863	  0.09053982	  0.00714965	
199609	 -0.00121021	 -0.01735940	 -0.03213671	
199610	 -0.01304670	 -0.03469791	 -0.02175363	
199611	 -0.00762509	 -0.01171165	  0.02343186	
199612	  0.01491773	  0.02539782	 -0.02166792	
199701	 -0.01805470	  0.04964652	 -0.02417095	
199702	  0.00010695	 -0.01799772	 -0.03118169	
199703	 -0.00914433	  0.01683879	  0.01400754	
199704	  0.01870290	  0.02087710	  0.08876939	
199705	  0.02624563	  0.04240225	  0.00672225	
199706	 -0.00984361	 -0.00536200	  0.00657488	
199707	 -0.00843406	  0.00210349	  0.01838978	
199708	 -0.05685736	 -0.01119356	 -0.01273881	
199709	 -0.02726881	  0.03232704	 -0.01390388	
199710	 -0.17045339	 -0.11134812	  0.01508663	
199711	  0.02225625	  0.06956103	  0.07442238	
199712	 -0.02601744	  0.02850598	  0.03653999	
199801	 -0.04385878	 -0.07300247	  0.02357964	
199802	 -0.12011072	  0.00023330	  0.07538767	
199803	 -0.05901035	 -0.01115182	 -0.03254065	
199804	  0.04140759	  0.09418268	  0.00497198	
199805	  0.00691948	  0.01335089	 -0.00767628	
199806	 -0.04217002	 -0.02944033	  0.02194740	
199807	 -0.05127160	  0.00564985	  0.00792674	
199808	 -0.05158333	  0.01008812	 -0.03482823	
199809	 -0.27408101	 -0.25815017	  0.05509535	
199810	 -0.04391960	  0.05602135	  0.00950975	
199811	  0.04820277	  0.11293176	  0.00163953	
199812	 -0.14833407	 -0.10713248	  0.04828456	
199901	  0.06342531	  0.06562216	  0.05095578	
199902	 -0.08654181	 -0.06337234	  0.02054718	
199903	 -0.06150471	 -0.00556139	 -0.00332609	
199904	  0.19802355	  0.27666279	  0.08767822	
199905	 -0.13408331	 -0.13908120	 -0.00719636	
199906	  0.05855012	  0.06355447	  0.04269869	
199907	  0.06703473	  0.05356661	 -0.01601707	
199908	  0.05135435	 -0.01245227	 -0.00438140	
199909	 -0.04828547	 -0.07295774	 -0.03079376	
199910	  0.09828173	  0.08417783	  0.09079864	
199911	 -0.00169317	 -0.03808621	 -0.01671316	
199912	 -0.07442397	 -0.08063252	  0.04501071	
200001	 -0.06743720	 -0.04481288	  0.01096611	
200002	 -0.04172311	 -0.01416374	  0.00889955	
200003	 -0.00618156	  0.10960477	 -0.00154299	
200004	 -0.22530357	 -0.21972510	 -0.04316132	
200005	  0.06595434	  0.08254929	 -0.02651480	
200006	 -0.18106617	 -0.15845560	 -0.03392962	
200007	  0.05562614	 -0.06064548	  0.11025636	
200008	 -0.07174736	  0.01956128	 -0.00939793	
200009	 -0.16872981	 -0.15535241	 -0.03893589	
200010	 -0.13664786	 -0.00462534	  0.02337290	
200011	 -0.14439405	 -0.13336618	 -0.03671737	
200012	  0.09559686	  0.06602672	  0.01130186	
200101	 -0.14739081	 -0.05238839	  0.07131207	
200102	 -0.05684650	 -0.06409241	  0.03991331	
200103	 -0.06035493	  0.02472895	  0.07061213	
200104	 -0.06215272	  0.10643226	  0.00743734	
200105	  0.10054836	  0.10982541	  0.03162855	
200106	  0.01593630	  0.08489253	  0.00317664	
200107	 -0.04836669	 -0.00097912	  0.03563154	
200108	 -0.05223821	  0.05740657	  0.04913043	
200109	 -0.04060099	 -0.12760260	 -0.10070463	
200110	  0.06991310	  0.10203641	  0.03493576	
200111	  0.02057022	 -0.00905764	  0.03266710	
200112	  0.01329669	  0.05537712	  0.06825668	
200201	 -0.06933654	 -0.01460597	 -0.01242267	
200202	 -0.01014436	 -0.00898373	  0.03759379	
200203	  0.06089692	  0.02593107	  0.07805775	
200204	 -0.10984668	 -0.03094780	  0.05146454	
200205	 -0.03394845	 -0.04562813	  0.05081821	
200206	 -0.11584185	 -0.05799581	 -0.00913905	
200207	 -0.06592232	  0.00089965	 -0.04580001	
200208	 -0.02471742	 -0.00670619	  0.00343014	
200209	 -0.17025101	 -0.09216470	  0.00133774	
200210	 -0.30762302	 -0.15048301	  0.04117081	
200211	 -0.03852698	  0.00840988	  0.01743669	
200212	 -0.17765633	 -0.01177257	 -0.01163296	
200301	 -0.08552163	 -0.09045332	 -0.02155062	
200302	 -0.04021868	 -0.03937337	  0.01144085	
200303	 -0.10824941	 -0.06930196	 -0.00148600	
200304	 -0.05209150	 -0.00943071	  0.03747393	
200305	  0.02654334	  0.02079312	  0.00851668	
200306	 -0.01773686	 -0.00077876	 -0.00943770	
200307	 -0.03637369	  0.01963317	  0.06786535	
200308	 -0.01409055	  0.00050698	  0.04096158	
200309	 -0.11151611	 -0.02781325	 -0.00741016	
200310	 -0.04081320	  0.00899346	  0.02035822	
200311	 -0.05097340	 -0.02413321	  0.00453200	
200312	 -0.02134025	  0.04900177	 -0.00327383	
200401	 -0.10836096	 -0.02065926	 -0.05278612	
200402	 -0.03629706	 -0.06006521	  0.02821727	
200403	  0.02709084	  0.07358456	  0.01684606	
200404	 -0.05259627	  0.00920981	 -0.00451048	
200405	 -0.00584636	 -0.02338134	 -0.00184917	
200406	  0.05580165	  0.11130128	  0.02598052	
200407	 -0.03592135	 -0.01278601	  0.07181666	
200408	  0.00419211	  0.04851073	  0.06520698	
200409	 -0.02612415	  0.00108883	 -0.00145842	
200410	  0.01505644	  0.01856290	 -0.01576515	
200411	 -0.01810987	  0.03224091	  0.01382888	
200412	 -0.07001299	 -0.02017343	 -0.03431977	
200501	 -0.00561092	  0.01144836	  0.04238401	
200502	 -0.05566893	 -0.00290965	  0.05583696	
200503	 -0.02000190	  0.00173832	 -0.00300091	
200504	 -0.12695149	 -0.09918831	 -0.05295723	
200505	  0.00357970	  0.04754246	  0.00014587	
200506	  0.00197650	  0.08025537	  0.04271190	
200507	  0.02442722	  0.03458673	  0.02728237	
200508	  0.04779531	  0.07826487	  0.02995726	
200509	 -0.02282613	  0.02072156	  0.03393450	
200510	 -0.05176370	  0.01029769	 -0.04393140	
200511	  0.08820635	  0.06634368	  0.00550748	
200512	 -0.02396660	 -0.07536973	  0.00038138	
200601	 -0.05568256	 -0.03594536	  0.03383014	
200602	 -0.05908258	 -0.04137401	 -0.03888196	
200603	 -0.02457918	  0.01955038	  0.01238598	
200604	  0.01282215	  0.02862504	 -0.00666897	
200605	 -0.02519272	  0.00921394	  0.02055420	
200606	 -0.06745814	  0.00032542	  0.03208476	
200607	  0.00392041	 -0.00218441	  0.05469685	
200608	  0.01674504	 -0.02604374	 -0.02801405	
200609	 -0.06006415	 -0.04138414	 -0.01752444	
200610	  0.03231136	  0.06036499	  0.03803449	
200611	 -0.00477928	  0.03942251	  0.02836054	
200612	  0.02912667	  0.02227249	 -0.01617033	
200701	  0.04338604	  0.01203871	  0.00374934	
200702	 -0.00636273	  0.03446529	  0.02497519	
200703	 -0.03858859	 -0.02642071	  0.02930273	
200704	 -0.01314712	  0.00973933	  0.02008912	
200705	  0.02691214	  0.06142398	  0.02737913	
200706	  0.06254018	  0.09370797	  0.00797999	
200707	 -0.00280120	 -0.01296549	  0.02659782	
200708	 -0.15688332	 -0.19365148	 -0.00456816	
200709	 -0.04698278	 -0.03212645	  0.03336599	
200710	 -0.19141352	 -0.04780057	  0.05507869	
200711	 -0.16848868	 -0.02873399	  0.02204191	
200712	 -0.04286566	  0.02612747	  0.05044672	
200801	 -0.15709411	 -0.05963859	 -0.12649147	
200802	  0.07933989	 -0.01906863	  0.03017037	
200803	 -0.26874675	 -0.14912018	  0.04094675	
200804	  0.06011298	  0.10550933	  0.10888716	
200805	 -0.01916144	  0.00147198	  0.08066045	
200806	 -0.08686875	 -0.03540276	  0.09476275	
200807	 -0.17516966	 -0.07238054	 -0.13270809	
200808	 -0.00480500	  0.02236388	  0.01829137	
200809	 -0.10135142	 -0.23791497	 -0.13471864	
200810	 -0.22932815	 -0.04752823	 -0.08942634	
200811	  0.07299864	  0.14166307	 -0.05744727	
200812	 -0.30815665	 -0.18977100	 -0.08481537	
200901	 -0.04154820	 -0.15647273	  0.07990491	
200902	 -0.03537979	  0.03424649	 -0.00348468	
200903	 -0.09956668	 -0.03366192	 -0.04477284	
200904	 -0.09607376	 -0.04283988	 -0.04653182	
200905	 -0.07201629	  0.07164770	  0.01953465	
200906	 -0.04054450	  0.01789374	 -0.01328322	
200907	  0.07996965	  0.04079593	 -0.01619019	
200908	 -0.01591821	 -0.00270510	 -0.05453840	
200909	  0.01414678	  0.06317277	  0.06457085	
200910	 -0.06074820	 -0.05202905	  0.07770456	
200911	 -0.03522501	 -0.01057872	 -0.00284503	
200912	  0.13697348	 -0.00136501	  0.02283539	
201001	  0.05788113	  0.11888601	 -0.01105698	
201002	  0.01445874	  0.03334889	 -0.00755895	
201003	  0.01741086	  0.03219431	 -0.06257515	
201004	 -0.06437774	 -0.05365733	  0.01020014	
201005	 -0.07894961	 -0.01761738	 -0.02806075	
201006	 -0.05562271	  0.01459451	  0.00383754	
201007	 -0.01822564	 -0.00112989	  0.02483923	
201008	  0.00020335	  0.02679962	  0.02131701	
201009	 -0.03018753	  0.08302377	  0.03255056	
201010	 -0.04019747	 -0.05129796	  0.02321111	
201011	 -0.01660863	 -0.00388900	  0.02746053	
201012	  0.03733859	  0.08708864	  0.03149786	
201101	 -0.03436781	 -0.03435797	  0.00967912	
201102	 -0.01119657	 -0.01548784	 -0.01051377	
201103	 -0.03244630	 -0.01521663	  0.00236662	
201104	  0.00997818	  0.02050903	 -0.05769035	
201105	  0.01770700	  0.02252400	 -0.02694952	
201106	 -0.00861605	  0.02710440	 -0.02095266	
201107	 -0.01354614	  0.01526251	  0.00057567	
201108	 -0.05086509	 -0.04833169	 -0.03747095	
201109	  0.01295526	  0.03017890	 -0.06508016	
201110	 -0.04181748	  0.02583269	  0.07673227	
201111	 -0.09615061	 -0.02793287	  0.02782179	
201112	  0.01017358	  0.05013990	 -0.00950600	
201201	  0.01930727	  0.05160727	 -0.02543590	
201202	  0.03101950	  0.00905873	  0.02425059	
201203	 -0.01915000	 -0.00717489	 -0.05777225	
201204	  0.00870670	 -0.01424746	  0.00221584	
201205	  0.08348980	 -0.00643592	 -0.00232404	
201206	  0.01779129	 -0.00012383	  0.01371449	
201207	  0.01628135	  0.10142516	 -0.00440002	
201208	 -0.04169714	 -0.02278559	 -0.00433787	
201209	  0.04584002	  0.03576337	 -0.02465423	
201210	 -0.02182354	 -0.04274395	  0.00247432	
201211	 -0.01314424	 -0.05122323	 -0.01732947	
201212	  0.01042216	  0.03012960	  0.01673154	
201301	  0.01582313	  0.02764541	 -0.02549078	
201302	 -0.02502447	 -0.01585209	 -0.00809271	
201303	  0.02584343	  0.07277190	  0.00607252	
201304	 -0.00375058	 -0.01343671	 -0.01888749	
201305	  0.00374615	  0.02085469	  0.00363658	
201306	 -0.02859702	  0.01486995	 -0.01306490	
201307	 -0.02124901	  0.01071824	  0.00276527	
201308	 -0.03567593	  0.01370903	  0.01257205	
201309	 -0.02416619	 -0.00778952	 -0.02340124	
201310	  0.06906188	  0.10164653	 -0.02071411	
201311	 -0.06682225	  0.03656896	 -0.02687523	
201312	  0.03024744	  0.02533814	 -0.00299505	
201401	 -0.00669558	  0.01904829	  0.03016848	
201402	  0.01876574	  0.02418616	 -0.00845716	
201403	 -0.00108010	  0.03051607	  0.03065791	
201404	 -0.00597066	 -0.00553123	 -0.05041689	
201405	 -0.07604175	 -0.03047165	  0.00294652	
201406	  0.03555157	  0.08878924	  0.01516767	
201407	  0.00970383	  0.02580168	 -0.00384578	
201408	 -0.00700437	 -0.00040329	  0.00352413	
201409	  0.00942029	  0.02836037	  0.02116180	
201410	  0.03156208	  0.04521126	  0.04238834	
201411	 -0.04093063	 -0.02858733	  0.00220695	
201412	  0.02857210	  0.05874017	  0.02564281	
201501	  0.00006477	  0.02183311	 -0.01822077	
201502	 -0.00774800	  0.00119415	  0.00068547	
201503	 -0.04318635	 -0.02108124	  0.01244365	
201504	 -0.02162259	  0.00619738	 -0.00539322	
201505	  0.01913707	  0.00422828	  0.04482210	
201506	  0.01133199	  0.00995177	  0.02952947	
201507	  0.04047104	  0.03323182	  0.00868989	
201508	  0.02562904	  0.07145377	 -0.00664299	
201509	 -0.04876124	 -0.07751100	  0.00601446	
201510	  0.00812565	  0.10663556	 -0.06909777	
201511	 -0.12190966	 -0.03431734	  0.03966728	
201512	 -0.08085478	 -0.01288214	 -0.00089856	
201601	 -0.08338510	 -0.04542063	 -0.03380666	
201602	  0.00317650	  0.02972618	 -0.02869227	
201603	 -0.02077116	  0.00364552	 -0.02126196	
201604	  0.08328224	  0.09165088	 -0.01051141	
201605	 -0.04418752	 -0.05494044	  0.01759801	
201606	 -0.01959616	 -0.02670500	 -0.01530551	
201607	  0.06306624	  0.01055463	  0.03289437	
201608	  0.00844411	 -0.00382177	 -0.00538695	
201609	 -0.04118253	 -0.03142384	  0.01145573	
201610	  0.10321774	  0.08996467	  0.01155861	
201611	 -0.07588807	 -0.00358364	 -0.00348322	
201612	  0.00176770	  0.04941367	 -0.01485460	
201701	  0.04555742	  0.06720165	  0.02084784	
201702	 -0.05746363	 -0.05258013	 -0.02596674	
201703	 -0.01047972	 -0.06446981	 -0.03516001	
201704	 -0.02995390	  0.01001715	 -0.02159388	
201705	  0.10505061	  0.08911600	 -0.03513859	
201706	  0.04244786	  0.02426171	  0.03204044	
201707	 -0.01939452	  0.01387179	  0.03266733	
201708	  0.02982351	  0.06429244	 -0.02430416	
201709	  0.05203766	  0.05560052	 -0.01470475	
201710	  0.02676379	  0.03140344	 -0.04787233	
201711	  0.03465119	  0.01935147	 -0.01565814	
201712	  0.03739721	  0.04636424	  0.05101684	
201801	 -0.05296123	 -0.00970587	  0.01197226	
201802	  0.00308956	  0.02959768	  0.05234304	
201803	  0.02924655	  0.08568453	  0.00320805	
201804	 -0.07867675	 -0.01196645	  0.01273375	
201805	  0.02704770	  0.08527741	  0.06977742	
201806	  0.10046495	  0.12575545	 -0.02195374	
201807	 -0.02332633	 -0.02265213	 -0.00600478	
201808	  0.09298562	  0.04554729	 -0.01631540	
201809	 -0.04386908	  0.05793964	  0.00470550	
201810	 -0.06899761	 -0.03131035	 -0.07063411	
201811	  0.01583183	  0.04117140	  0.02578861	
201812	 -0.06388841	 -0.03937019	 -0.00140301	
201901	 -0.03149648	 -0.02978301	  0.03250807	
201902	  0.06574412	  0.15376443	 -0.00572544	
201903	  0.00176334	 -0.00490047	  0.00260258	
201904	  0.03705709	  0.05791674	  0.00214166	
201905	 -0.02202833	 -0.02062196	 -0.00789845	
201906	 -0.09741958	 -0.06410421	 -0.02947490	
201907	  0.07278753	  0.07291149	 -0.00176625	
201908	  0.04600955	  0.02215737	 -0.00873951	
201909	 -0.04793511	 -0.02237908	 -0.05148881	
201910	 -0.06805359	  0.00200058	  0.00933833	
201911	 -0.04574931	  0.03869783	  0.02373162	
201912	 -0.01963106	  0.02122218	  0.00036564	
202001	 -0.04101522	 -0.01470322	  0.01899237	
202002	  0.00591089	  0.02405276	  0.04181230	
202003	 -0.26017834	 -0.16401914	 -0.10460400	
202004	  0.01144722	 -0.02408057	  0.11786837	
202005	 -0.05594489	 -0.06989159	  0.07188623	
202006	 -0.01513460	  0.01935011	  0.06207143	
202007	  0.03454603	  0.07282782	  0.00183782	
202008	  0.00608406	 -0.01228093	  0.04343780	
202009	 -0.09957820	 -0.12009975	 -0.00457123	
202010	 -0.04313361	  0.03214371	  0.04024594	
202011	  0.05383279	  0.06539280	  0.02269255	
202012	  0.02486924	  0.01275480	  0.05047319	
202101	  0.10622412	  0.06211251	 -0.04726165	
202102	 -0.02971228	 -0.04761208	  0.02121011	
202103	 -0.07660492	 -0.00933628	 -0.07403031	
202104	 -0.04638763	 -0.02828946	  0.00111433	
202105	 -0.05484997	 -0.01047231	 -0.03222735	
202106	 -0.03631677	  0.00354027	  0.03817024	
202107	  0.00571450	  0.03830307	 -0.00138521	
202108	  0.00170644	  0.03166787	  0.00271294	
202109	 -0.01919765	 -0.00183064	 -0.01032278	
202110	 -0.00996288	 -0.00837262	  0.01655090	
202111	  0.00945834	  0.02907322	 -0.02551461	
202112	  0.06106533	  0.07439954	 -0.02553144	
202201	 -0.05826421	 -0.04622693	 -0.04959716	
202202	 -0.09036146	 -0.07207870	  0.00991303	
202203	 -0.07678198	 -0.02466016	 -0.02621687	
202204	 -0.16231557	 -0.13460513	 -0.03122854	
202205	 -0.02779183	  0.02700270	 -0.06991130	
202206	 -0.02770258	  0.07943401	  0.03554017	
202207	  0.00699586	  0.07561750	  0.00798338	
202208	  0.01742601	  0.02243347	  0.01255581	
202209	 -0.01239844	 -0.01592645	  0.05754903	
202210	 -0.01709385	  0.00094557	 -0.08972275	
202211	  0.01204252	  0.00802682	 -0.05560767	
202212	  0.01540310	  0.03832234	 -0.01769357	
202301	  0.01375632	  0.04938161	 -0.03708065	
202302	  0.00630315	  0.04054655	  0.00142442	
202303	 -0.01215828	  0.00445632	  0.05700404	
202304	 -0.15217058	 -0.13255066	  0.01371129	
202305	 -0.07919091	 -0.00106691	  0.03961070	
202306	 -0.04525470	  0.01985003	 -0.06257895	
202307	  0.03189295	  0.05309215	 -0.03221861	
202308	 -0.02223046	 -0.01383397	 -0.04319336	
202309	 -0.06382500	 -0.03251257	 -0.04194287	
202310	  0.16301986	  0.17552559	  0.00283961	
202311	  0.01810941	 -0.10659695	  0.05419435	
202312	 -0.09909515	 -0.12649621	  0.03730772	
202401	 -0.00190962	  0.02461798	 -0.04379254	
202402	  0.00408837	  0.01820823	 -0.00962653	
202403	 -0.00129867	 -0.00255847	 -0.00418580	
202404	 -0.09267295	 -0.10275165	  0.00558297	
202405	 -0.06764816	  0.00067461	  0.06895601	
202406	 -0.06665189	 -0.01665431	  0.02877454	
202407	  0.01084618	 -0.01036066	 -0.02919883	
202408	 -0.02728717	  0.02292551	 -0.03676326	
202409	 -0.06645447	 -0.00892977	 -0.02948378	
202410	  0.09694304	  0.17347056	  0.02804044	
202411	 -0.02671526	 -0.04141490	  0.00855156	
202412	 -0.06166026	 -0.02242166	  0.04091796	
